S1  :  6.8310285
S2  :  6.3948174
S3  :  9.013641
S4  :  7.672375
S5  :  9.416239
S6  :  9.980004
S7  :  8.064905
S8  :  6.2432294
S9  :  7.99064
S10  :  7.4967456
S11  :  10.04751
S12  :  5.5622964
S13  :  9.893914
S14  :  7.9518633
S15  :  6.59815

## CWT-feedforward
S1  :  7.0237727
S2  :  5.6146502
S3  :  7.29508
S4  :  9.925963
S5  :  36.929882
S6  :  29.426958
S7  :  14.618144
S8  :  14.871134
S9  :  18.395906
S10  :  13.330808
S11  :  19.778263
S12  :  24.218924
S13  :  18.754608
S14  :  14.834767
S15  :  19.859928

## Training 3 - CWT with convolution

S1  :  7.2299733
S2  :  5.528003
S3  :  59.69198
S4  :  58.406937
S5  :  96.40683
S6  :  90.17806
S7  :  56.721622
S8  :  44.511078
S9  :  57.40204
S10  :  56.168865
S11  :  71.026276
S12  :  39.545006
S13  :  56.67845
S14  :  56.7429
S15  :  46.17998

