S1  :  6.8310285
S2  :  6.3948174
S3  :  9.013641
S4  :  7.672375
S5  :  9.416239
S6  :  9.980004
S7  :  8.064905
S8  :  6.2432294
S9  :  7.99064
S10  :  7.4967456
S11  :  10.04751
S12  :  5.5622964
S13  :  9.893914
S14  :  7.9518633
S15  :  6.59815